coverage (SE) of the hist 95% interval;  columns = datasets R x queries Q
model          truth             R=1000 Q=10    R=1000 Q=100    R=1000 Q=500    R=10000 Q=10   R=10000 Q=100   R=10000 Q=500        length
dopfn_native   delta_shared    0.950 (0.006)   0.953 (0.005)   0.953 (0.005)   0.955 (0.002)   0.955 (0.002)   0.955 (0.002) 18.03 (3.04)
dopfn_native   delta_indep     0.941 (0.005)   0.940 (0.005)   0.940 (0.005)   0.943 (0.002)   0.943 (0.002)   0.943 (0.002) 18.03 (3.04)
               (10000 datasets scored; non-finite length: [])
dopfn_joint2d  delta_shared    0.933 (0.007)   0.935 (0.007)   0.936 (0.007)   0.937 (0.002)   0.937 (0.002)   0.938 (0.002) 1.51 (0.01)
dopfn_joint2d  delta_indep     0.829 (0.009)   0.827 (0.008)   0.827 (0.008)   0.832 (0.003)   0.834 (0.003)   0.834 (0.003) 1.51 (0.01)
               (10000 datasets scored; non-finite length: [])
dopfn_joint2d_262k delta_shared    0.940 (0.006)   0.939 (0.006)   0.940 (0.006)   0.941 (0.002)   0.941 (0.002)   0.941 (0.002) nan (nan)
dopfn_joint2d_262k delta_indep     0.832 (0.008)   0.830 (0.008)   0.829 (0.008)   0.835 (0.003)   0.836 (0.003)   0.836 (0.003) nan (nan)
               (10000 datasets scored; non-finite length: [604, 1400, 2582, 2664, 2703, 2878, 4454, 4839, 4993, 5489, 6019, 6169, 6424, 6458, 6918, 7010, 7988, 8064, 8214, 8685])
dopfn_bb       delta_shared    0.995 (0.002)   0.995 (0.002)   0.995 (0.002)             n/a             n/a             n/a 1.41 (0.01)
dopfn_bb       delta_indep     0.619 (0.009)   0.619 (0.008)   0.618 (0.007)             n/a             n/a             n/a 1.41 (0.01)
               (1000 datasets scored; non-finite length: [])
uwyk1d         delta_shared    0.854 (0.008)   0.856 (0.008)   0.858 (0.008)   0.860 (0.002)   0.860 (0.002)   0.860 (0.002) 2.97 (0.02)
uwyk1d         delta_indep     0.830 (0.008)   0.829 (0.008)   0.831 (0.007)   0.832 (0.002)   0.832 (0.002)   0.832 (0.002) 2.97 (0.02)
               (10000 datasets scored; non-finite length: [])
uwyk1d_cont    delta_shared    0.914 (0.005)   0.916 (0.005)   0.916 (0.005)   0.907 (0.002)   0.908 (0.002)   0.907 (0.002) 3.05 (0.02)
uwyk1d_cont    delta_indep     0.885 (0.005)   0.886 (0.005)   0.886 (0.005)   0.877 (0.002)   0.877 (0.002)   0.876 (0.002) 3.05 (0.02)
               (10000 datasets scored; non-finite length: [])
graph2d        delta_shared    0.965 (0.003)   0.963 (0.003)   0.963 (0.003)   0.962 (0.001)   0.963 (0.001)   0.963 (0.001) 2.69 (0.02)
graph2d        delta_indep     0.888 (0.005)   0.887 (0.005)   0.888 (0.005)   0.892 (0.002)   0.893 (0.001)   0.893 (0.001) 2.69 (0.02)
               (10000 datasets scored; non-finite length: [])
cpfn1d         delta_shared    0.965 (0.002)   0.964 (0.002)   0.964 (0.001)   0.965 (0.001)   0.966 (0.000)   0.966 (0.000) 2.77 (0.01)
cpfn1d         delta_indep     0.875 (0.004)   0.870 (0.003)   0.869 (0.003)   0.869 (0.001)   0.869 (0.001)   0.870 (0.001) 2.77 (0.01)
cpfn1d         tau             0.965 (0.002)   0.964 (0.002)   0.964 (0.001)   0.965 (0.001)   0.966 (0.000)   0.966 (0.000) 2.77 (0.01)
               (10000 datasets scored; non-finite length: [])
cpfn2d         delta_shared    0.948 (0.003)   0.945 (0.003)   0.946 (0.003)   0.953 (0.001)   0.952 (0.001)   0.952 (0.001) 3.25 (0.01)
cpfn2d         delta_indep     0.913 (0.004)   0.914 (0.003)   0.914 (0.003)   0.920 (0.001)   0.920 (0.001)   0.921 (0.001) 3.25 (0.01)
               (10000 datasets scored; non-finite length: [])
